165
600
600
120
30
2055
360
255
645
1185
945
255
75
1140
810
1455
405
945
465
2460
90
195
270
60
150
180
75
45
765
600
675
405
570
15
720
2355
1050
360
105
315
720
105
600
885
240
195
465
270
585
855
960
345
285
660
585
345
795
330
2010
570
240
150
300
360
345
885
390
360
615
135
7050
1680
165
1170
1020
165
30
495
180
1200
495
285
735
1455
375
630
645
555
525
630
1050
630
435
45
3375
2070
255
1005
330
300
990
705
375
135
150
225
135
960
150
435
480
525
285
345
315
285
960
2280
765
165
540
15
30
75
450
5805
435
525
930
330
135
690
2880
165
165
675
315
435
555
660
375
225
1245
2325
345
300
195
435
480
1065
180
150
345
165
735
285
330
75
660
390
495
690
375
720
300
900
5535
285
45
120
1080
1065
255
1650
30
45
1185
105
855
375
855
105
450
120
510
30
405
90
195
3300
315
675
210
450
690
180
60
510
4905
1200
9180
135
285
1605
195
510
645
90
150
1665
1260
210
2445
255
810
1725
3570
1410
315
390
3225
435
5415
810
60
465
270
330
45
360
540
570
615
570
330
420
165
555
975
465
285
225
345
90
420
1275
75
465
450
465
75
60
720
885
495
225
105
525
75
225
285
225
570
675
120
285
120
180
525
1065
330
30
945
300
255
180
120
90
330
45
105
45
345
210
495
1065
315
690
285
270
240
420
795
1095
450
45
150
450
225
1140
570
60
210
510
390
390
300
330
315
375
285
1080
675
4005
705
720
1410
90
225
780
