36.836334059449705
18.504912069967386
23.895143909928283
9.376432111830168
0.18085721807277852
0.30061435762517547
8.506049118521666
33.80525602395176
0.2401739578406925
63.50989463754722
2.7226096730165006
18.790782776402782
39.62971080437519
21.10490026657937
15.007697142030132
80.57913956429434
0.3006422700401297
22.823450217901602
0.8061803143578208
0.0
5.0468946393558225
40.257841436708894
4.059230353457429
0.7205218740313502
52.48292333668083
24.42434647458791
10.184726400799224
20.28067390130784
18.90759281625978
3.8470350659170554
12.819752265490312
1.4523461351743372
27.484400202795676
0
14.939772683803415
14.528479351442966
0.3006004367471076
35.6061400677349
14.39204277177874
17.63700605098231
5.009543519911995
32.069059565370175
2.632602428137977
121.23630688602114
32.3944228956806
11.638909829737486
12.981484383476742
5.07165739293614
0.30062028686425313
24.13831714356519
48.576598782409896
5.069843271654304
7.793231921531392
49.307491943963235
1.4857315829751023
88.35728093890417
99.26661897471418
1.8897735477462758
80.59202129591324
0.762140375219516
36.310426174751555
42.89555632621715
5.1184802830594975
0.4340376746294849
16.911420373119572
107.30612526533626
0.43420070852635373
33.23041531280977
12.346809502257432
6.364668894408741
0.2999751847490431
59.158304742193316
0.742871717340539
5.871097589392417
1.690914767333321
1.9298792420369282
10.663914508133065
11.438396469117807
54.19672801600972
39.23389267612892
0.3006385069843934
39.823886474412454
39.71607655248595
27.532432629733368
63.558313810275884
1.6909173427553832
64.37574663039287
17.610899421250792
48.64244388080719
18.64246120268696
68.20890738799213
57.14928666459059
0.4803479160209001
228.81406506349325
0.3005904883620482
0.7245804742589099
253.56065820305633
0.30060497754946036
63.926091736856435
18.42043560530505
18.26128130785511
23.71603265256283
185.72349191839422
43.97005717782239
1.0239523684126208
26.1470965230345
13.287162398668192
0.8682158175659861
7.607090046248446
41.388205626945656
61.30882715244696
96.91206053511192
13.504002388089528
58.26624314274194
94.66738338102866
52.16725341670993
35.94358422431611
63.72923336958968
22.9746242459291
74.34986381660367
3.2901858739533343
0
2.206478088927533
63.077653310184246
35.59390385624827
183.3618124639161
34.64820460451135
2.3511312495753027
58.70261498499349
2.806253308688273
17.60518511391411
22.62906541532962
0.5939449140844133
6.842419729080266
27.657828108624305
8.539697803869194
21.810156237298436
21.231442875608465
1.0265273183954582
36.16328273121526
4.0922138105949815
3.893648474217952
76.14270621435982
92.2676300480214
29.99918960887729
115.6268882277405
12.66099536817979
2.7544723271844034
40.29544146315342
6.668392676334021
14.02098500093561
0.7622859777959937
26.661762727917967
2.311914180492553
22.799270586311177
8.708973181775319
17.85941014419584
6.441423248923665
32.311582728142845
5.246783754833436
46.42498754910357
23.968452282063073
0.593307331150082
22.668712798298284
15.695929389376692
45.02435862739983
11.213548325649601
0.0
1.9551318328895337
20.988996323040052
0.30060790496916434
12.210479260380202
19.935856806947307
0.24017395801045005
2.92947482869843
0.7205218740313502
3.074276029692327
23.40458860876018
13.44560686161091
14.359598629284331
56.47135708847539
9.39235841215135
23.444985331610365
3.1431446258773486
0.8062119234046433
1.5398043862884356
30.417281585489576
6.334444054205548
0.4803479158511426
19.386077648254137
3.469376592165188
14.934047368022382
0.18082308234257966
0.0
27.865692386348364
14.247411278497909
5.053003714042746
23.139777728517377
1.988855881102257
2.648096468880867
0.18072681142676522
36.177012341904764
1.4018322501622433
57.221074902517884
39.26628539069518
40.8299738829534
5.415865335428374
13.362691683154038
19.138679852625806
4.755984255163823
1.4523494677912698
0.7622819259335856
21.294262820145107
20.0667761368377
0.0
39.93323206017873
0.18074539520643515
6.7909311993303225
19.420694793592983
43.53239034666158
1.3192366745489477
28.14648065564894
0.3616899596638748
0.3006448235990878
11.995904700739814
29.016261320279842
17.563691526942115
41.30856015576289
30.98113119660146
20.59000537838293
56.15338920681257
66.55373336078863
26.11076337957593
0.434210799440658
44.57145811778145
3.5593844574676443
60.6578407945197
0.0
38.86719785093829
35.44353239345465
55.12674037768015
40.809659187707524
22.963398937443586
50.25917717973827
41.99831308519752
46.465634335530076
3.1274952567893584
17.38849068848236
15.99550384878028
24.55659558611011
5.133366820879452
0.7428749201282581
114.94165123234153
16.682697263226107
57.43003354859485
7.989603025086344
2.459059210311601
40.22859486543562
16.4645590260095
33.392016653116166
36.84399072647929
23.386085293577807
12.200333688664717
0.18086051944571233
0.4803479160209001
1.103298706481722
30.97614169694021
60.88521152660219
109.86869178051785
41.55430607773234
72.39708533855985
9.778083373512796
58.591334920990015
19.46753666470703
21.308715685711235
7.286055149579187
36.593524295403846
28.528088717800927
56.788798766837445
33.56040776070011
45.312127333564874
29.0074267141573
31.227421021134564
59.330190561064256
50.43311426551779
6.532835921532509
24.958302406675628
102.80177065069077
32.26479769342899
11.790726467329131
47.704576257368764
12.43914398891848
103.67469776162292
79.29594085988823
4.844928051286819
19.217318558372764
25.16136451149937
5.133226701639129
49.720302506789565
7.394116145256432
8.091757068580375
0.3006416428655269
23.482067365368675
14.722435400652229
52.723574677777755
29.916708817053177
17.92766054413928
10.040846011720495
28.507990546493147
0.4803479160209001
5.159054623707139
35.09328130465429
0.24017395818020762
0.30066187604590894
101.84325738033262
0.8062115892729788
1.4857409021590062
40.876152038548376
56.34607363814143
85.49147670008463
