11.787225486976702
10.635170487749349
29.775588064364662
3.828672049859706
0
0.30061435762517547
8.117419510600783
10.147737403754725
1.6909241684320673
103.33018220729097
9.534076849077408
34.67515316829298
23.767805973110008
39.89257767038095
3.5332220710222284
81.41977377417999
2.933003553746181
14.822946661264654
24.7150498857852
0.6012669333896407
0.935630245414242
31.034795615157158
34.9404891280094
0.0
42.228557247804055
26.389251960220832
31.265604073636396
7.109584294451607
4.757310107250083
8.500846729877187
3.12226145413585
23.063081699114093
14.773406615260715
0
20.81956516935466
16.458082040549137
0.3615361500585146
24.10526730474294
8.485455377658974
6.1043492958931225
7.054036567545227
7.019083938777728
1.4667028806635192
107.84780329752027
20.39739052641736
0.7234022614463139
13.308334917802195
26.82323618481742
0.1808010572176227
29.3012228760866
37.77646188207993
1.2144132486361912
48.15553184305025
4.331582358843818
1.103275304010019
46.68243330939854
91.37546685755466
24.212120927847398
69.59657033991624
1.4491647405553512
14.302919330667581
31.342550910450573
6.934287355339422
1.2143988339623055
1.0265545725940128
100.15319301826358
0.7428751197191739
27.882110540058203
5.823132509072531
5.767941323363921
0.4323076347802667
59.75113999384468
0.5933322559212244
31.94309391481828
1.2541480731018755
3.8597584284069195
0
6.200016549455937
22.93373500221356
17.625681805029675
0.24017395801045005
40.60912640507646
41.2757198785967
17.604082412682004
24.81836235547887
0.9775709772645317
81.93836533313284
46.44869718399471
52.78753531736557
9.982539483833195
72.89564292277986
56.089420004728524
0.3006432557646687
148.006357912898
0.0
1.5242740585485381
97.88523880316895
8.338760454523253
42.85335491433526
18.477780476262108
26.21411635299268
18.364909397464892
70.3522368110063
56.20536066801024
4.976784187009618
21.39135825380852
3.659357765972535
0.24017395818020762
59.04159511182477
22.115858431965524
57.5534615835446
104.47318715893513
37.358343547506045
12.48137726063192
73.9622371948811
64.00164170213449
23.951224123726295
25.83692217093792
26.93127076459711
52.28254139588474
36.8474971686212
0
0
10.746881796608157
14.895177693809496
27.46958130313752
43.02926711333402
19.406609126350304
59.10227699344801
1.0265028784317498
72.44737465096816
29.804881790918675
1.4023864324307038
2.6040470738314934
29.41022914918801
8.206477525012486
87.24348249739243
2.4585380175486513
0.7233862744856607
20.986885497099188
0.30062639528157004
5.0913690060506145
36.889789209610505
120.76054656628894
37.26476195200242
119.64164499843852
4.967406825762413
17.103464203078452
57.34322878441258
89.11334466010156
1.803682963589565
24.107857767453133
6.78296352778206
3.3603362793752005
11.341218394438979
0.3006286055765472
9.06797260527155
9.072942891093167
16.006271970448726
1.7798063497934895
22.98527147934037
16.781841650723017
11.17053233043753
19.093931090807448
16.859774047051555
51.56914205044065
14.86307212096594
4.444739943313729
3.204948723942625
10.671640239429955
5.3041932235075535
22.960953351964612
0.7622564833987636
0.24017395801045005
0
1.7665238541258852
4.231416116129537
11.207429006367773
8.942209991624464
21.269239102577156
65.73718137784407
30.22216605697033
31.222749954924076
3.7357091929290407
1.6970441485565142
0
2.399715444338502
0.5933438324760397
1.4019597864609832
14.090531379530908
20.53001541247509
24.526483746321595
4.798550575386975
0.3006466155677395
9.1087861830436
8.693382544891412
0.5425117769778633
16.199628766980247
1.4563604648745956
1.026531674338991
0.18072681139109462
20.891280821871398
0.24017395801045005
54.20324199995406
39.009400327678506
42.51695246795794
4.486299981021384
29.18829402576007
24.19538862582521
0.36162227806833885
0.7246661227322436
34.70299303667945
39.60119571210355
14.221221933138745
3.1916929817550512
34.572659736140494
0.18074539520643515
8.13910651165999
14.204236818290855
13.023148414060069
1.302412398857719
20.00616958035554
0.30064670516457853
0.3616837532790101
2.757727236800718
21.450108272685018
18.98752768166051
7.622602998069951
8.091167772369474
23.1126107735783
66.33382900742325
37.8135503609075
56.5862807190238
0.4342107994703986
5.78964496401198
1.111144184347272
67.74636894030553
0.3006166574476521
42.952636904411854
46.48354107025056
67.5291196949727
33.84868142872786
22.711962732495337
54.614812688156036
38.61486248138672
40.59185363358619
13.837351504590742
30.570716471534723
0.7234411842855287
26.630437642942486
28.051814686256822
1.1033308235012593
100.34085565890888
17.724802605630323
33.65550066221218
21.641340076671835
17.42765078549492
36.32463367763876
27.620005170013457
2.1158019019146472
44.1365954269035
34.50257428169101
0.6012632295955561
0.9356531568660543
0.43405625363692213
0.723364626807841
42.26689989847037
50.457897299141685
103.41411279388333
24.761790079651988
60.71952431746946
0
68.01636494113123
35.06726335578166
27.079999370123012
42.61151477358977
36.19126873270658
52.872617195506805
39.811657460812754
9.99846066957956
37.50850464070491
6.071305983693882
28.931548396625857
54.88590464080157
22.522720660234437
43.62590350575285
18.99065221661594
105.28767736776676
24.404436722343743
29.32854610095826
49.69841203791895
30.19726240986201
107.13436658595046
84.41881354865552
4.834026341016748
10.733926588201046
2.6665478298926484
20.937245697791468
18.802973932190614
7.197684500732847
5.347520503533731
0.18083658868724597
31.662799131996717
4.581433221671313
28.840215662297993
32.73232622453348
29.19351942956629
0.30064631691125154
24.383771289750104
0.4803479160209001
10.98144387343944
37.730839747667204
4.34185715976181
0.30066186125010963
82.24534624123848
4.445422936734002
0.30064646610395207
18.5270591637371
55.50252979455112
69.69788939997888
