-8.585676
-8.610876
-8.585739
-8.613963
-8.619903
-8.630613
-8.585622
-8.582922
-8.606529
-8.585658
-8.591229
-8.585694
-8.580105
-8.665353
-8.649423
-8.618373
-8.627094
-8.607861
-8.585667
-8.667414
-8.585712
-8.612757
-8.625816
-8.585658
-8.630667
-8.60283
-8.59212
-8.585685
-8.628777
-8.58573
-8.585658
-8.610939
-8.606484
-8.567478
-8.579853
-8.689203
-8.640594
-8.609634
-8.585694
-8.615529
-8.604135
-8.584029
-8.597817
-8.606502
-8.627193
-8.599248
-8.656821
-8.64972
-8.584344
-8.591328
-8.628264
-8.606988
-8.609688
-8.58564
-8.585685
-8.61111
-8.606286
-8.649531
-8.630667
-8.619264
-8.585748
-8.574696
-8.582184
-8.601183
-8.606403
-8.606538
-8.585712
-8.613522
-8.613972
-8.628201
-8.624304
-8.663877
-8.585595
-8.660421
-8.654733
-8.626788
-8.612361
-8.660421
-8.609238
-8.656344
-8.609949
-8.640549
-8.623656
-8.564283
-8.641647
-8.615574
-8.612784
-8.585685
-8.627661
-8.665452
-8.606961
-8.613198
-8.636283
-8.621028
-8.609589
-8.619345
-8.656299
-8.597124
-8.600517
-8.623053
-8.64171
-8.599905
-8.641368
-8.61066
-8.610876
-8.659143
-8.617779
-8.613252
-8.600103
-8.641053
-8.614125
-8.601291
-8.611929
-8.574408
-8.63163
-8.598744
-8.643186
-8.582508
-8.599914
-8.649081
-8.662158
-8.652393
-8.600607
-8.636364
-8.610489
-8.54694
-8.607447
-8.654814
-8.600067
-8.610633
-8.610786
-8.654679
-8.620065
-8.571726
-8.576055
-8.589744
-8.585856
-8.649567
-8.630901
-8.607528
-8.646282
-8.610768
-8.576766
-8.585676
-8.612532
-8.65476
-8.627697
-8.629371
-8.600121
-8.665605
-8.567667
-8.620038
-8.633952
-8.649279
-8.6211
-8.632323
-8.617653
-8.634987
-8.610876
-8.585649
-8.624331
-8.582634
-8.642394
-8.649567
-8.617761
-8.609724
-8.585649
-8.663769
-8.604576
-8.619867
-8.674092
-8.602875
-8.60517
-8.628345
-8.604036
-8.614143
-8.606466
-8.671365
-8.660097
-8.570052
-8.649333
-8.614062
-8.606142
-8.606394
-8.615466
-8.608239
-8.608824
-8.611137
-8.614008
-8.609706
-8.638623
-8.584308
-8.644743
-8.649477
-8.61759
-8.600085
-8.610633
-8.58429
-8.595108
-8.649513
-8.605854
-8.630739
-8.65476
-8.611785
-8.562753
-8.580105
-8.619831
-8.608788
-8.574165
-8.621748
-8.61075
-8.614017
-8.560548
-8.607105
-8.630262
-8.634537
-8.582589
-8.609598
-8.628885
-8.585649
-8.598573
-8.646264
-8.608734
-8.611605
-8.606304
-8.609463
-8.624097
-8.673732
-8.61075
-8.61786
-8.610777
-8.612478
-8.612802
-8.610084
-8.612784
-8.602488
-8.682408
-8.602434
-8.612694
-8.628489
-8.616429
-8.616411
-8.604828
-8.599887
-8.615232
-8.648847
-8.610831
-8.616114
-8.610012
-8.61282
-8.607132
-8.613657
-8.614404
-8.61354
-8.612712
-8.614656
-8.607987
-8.612406
-8.612253
-8.608185
-8.616186
-8.611515
-8.595324
-8.624007
-8.682102
-8.612613
-8.612352
-8.612352
-8.61606
-8.686818
-8.606385
-8.612334
-8.648919
-8.604126
-8.612271
-8.610921
-8.612559
-8.609409
-8.614692
-8.687709
-8.594217
-8.648838
-8.614368
-8.612802
-8.612217
-8.644788
-8.612307
-8.60823
-8.612298
-8.609967
-8.627697
-8.661942
-8.573454
-8.606403
-8.610264
-8.612136
-8.641251
-8.613891
-8.620461
-8.617581
-8.588457
-8.589096
-8.668575
-8.607456
-8.617113
-8.628984
-8.619723
-8.623566
-8.610723
-8.640603
-8.689293
-8.606358
-8.612532
-8.667468
-8.606466
-8.570196
-8.613873
-8.6481
-8.571699
-8.574561
