-8.584884
-8.601894
-8.574903
-8.614638
-8.619894
-8.62641
-8.582049
-8.578773
-8.605494
-8.586306
-8.588232
-8.596647
-8.584335
-8.669475
-8.610174
-8.65287
-8.629065
-8.627949
-8.589789
-8.641521
-8.585757
-8.61156
-8.628768
-8.585658
-8.641116
-8.606718
-8.593488
-8.587017
-8.61138
-8.581104
-8.581212
-8.609814
-8.627202
-8.567478
-8.617095
-8.604504
-8.692461
-8.630982
-8.586135
-8.616168
-8.604405
-8.585568
-8.613495
-8.594487
-8.61768
-8.594433
-8.617716
-8.632881
-8.552907
-8.625798
-8.601723
-8.61093
-8.598924
-8.586369
-8.601084
-8.606295
-8.594568
-8.632728
-8.642916
-8.604711
-8.597484
-8.579961
-8.589078
-8.583552
-8.601804
-8.594433
-8.601714
-8.629452
-8.611218
-8.624907
-8.376903
-8.729766
-8.593407
-8.570601
-8.627238
-8.625627
-8.611866
-8.648055
-8.596809
-8.656389
-8.625519
-8.639658
-8.652528
-8.577774
-8.625573
-8.584191
-8.626725
-8.588853
-8.631423
-8.629425
-8.668053
-8.652114
-8.643807
-8.606394
-8.680635
-8.630289
-8.609229
-8.663427
-8.611146
-8.605647
-8.628696
-8.530515
-8.582769
-8.604504
-8.621955
-8.664669
-8.601741
-8.59824
-8.599041
-8.626644
-8.620605
-8.50698
-8.604036
-8.591454
-8.622243
-8.601615
-8.622072
-8.671482
-8.638137
-8.642889
-8.636895
-8.652393
-8.600661
-8.632197
-8.622828
-7.551891
-8.615133
-8.624727
-8.672148
-8.608851
-8.605962
-8.626347
-8.577693
-8.584344
-8.580654
-8.597727
-8.610462
-8.627247
-8.61039
-8.5743
-8.640144
-8.622081
-8.593911
-8.648271
-8.624655
-8.635725
-8.624907
-8.608491
-8.638056
-8.624745
-8.567343
-8.617401
-8.628714
-8.653932
-8.598879
-8.625042
-8.622621
-8.631405
-8.640018
-8.595027
-8.606475
-8.588907
-8.650224
-8.652555
-8.620902
-8.651961
-8.593119
-8.65161
-8.604594
-8.623062
-8.661267
-8.585919
-8.611389
-8.606043
-8.604099
-8.614116
-8.64981
-8.672013
-8.641179
-8.571411
-8.582715
-8.612064
-8.62362
-8.606898
-8.629245
-8.608266
-8.612181
-8.610822
-8.611776
-8.649171
-8.631675
-8.59509
-8.644185
-8.626554
-8.607393
-8.599959
-8.611911
-8.601273
-8.597529
-8.604171
-8.606322
-8.630343
-8.649684
-8.594757
-8.578314
-8.626536
-8.640441
-8.606556
-8.577657
-8.638515
-8.613216
-8.630559
-8.62524
-8.622756
-8.606016
-8.651142
-8.58735
-8.640126
-8.640054
-8.608239
-8.592795
-8.669205
-8.626572
-8.608104
-8.607069
-8.609823
-8.625969
-8.659557
-8.609499
-8.604531
-8.585766
-8.646453
-8.672967
-8.612001
-8.602263
-8.622765
-8.667711
-8.612883
-8.67483
-8.687502
-8.64567
-8.632197
-8.579619
-8.605647
-8.639928
-8.566992
-8.608707
-8.623521
-8.607546
-8.627346
-8.607717
-8.613648
-8.652717
-8.650017
-8.609319
-8.605134
-8.606349
-8.678106
-8.613756
-8.602326
-8.631099
-8.609733
-8.65071
-8.614593
-8.681634
-8.610084
-8.627733
-8.636445
-8.658558
-8.666388
-8.655723
-8.61282
-8.601471
-8.611029
-8.610948
-8.602137
-8.610345
-8.602677
-8.598096
-8.687394
-8.599257
-8.647641
-8.607177
-8.607996
-8.599707
-8.610066
-8.600247
-8.641422
-8.642007
-8.606187
-8.615574
-8.669313
-8.613738
-8.667135
-8.602038
-8.612685
-8.641404
-8.627985
-8.633016
-8.604531
-8.555571
-8.589123
-8.678304
-8.594397
-8.632764
-8.661258
-8.604423
-8.620875
-8.58816
-8.636049
-8.677728
-8.684856
-8.585838
-8.534979
-8.600454
-8.593308
-8.629785
-8.643303
-8.569206
-8.592345
