41.148522
41.14557
41.148558
41.141169
41.148036
41.178249
41.148918
41.181057
41.14467
41.148576
41.162706
41.148603
41.159394
41.18616
41.154354
41.136003
41.166936
41.146236
41.148567
41.161671
41.14854
41.137722
41.151294
41.148486
41.154867
41.179644
41.160735
41.1489
41.160978
41.148513
41.148585
41.145642
41.149944
41.174568
41.161869
41.173407
41.160105
41.151267
41.148567
41.140692
41.16114
41.169852
41.162517
41.144643
41.152005
41.149125
41.161473
41.167503
41.163111
41.162715
41.157684
41.150313
41.151339
41.148918
41.148558
41.14944
41.144625
41.167197
41.207364
41.16762
41.148495
41.142708
41.180058
41.181885
41.144814
41.144778
41.148603
41.162148
41.134086
41.157378
41.179689
41.16366
41.148531
41.172516
41.173542
41.173119
41.145858
41.150007
41.180256
41.175477
41.157558
41.16141
41.157882
41.158665
41.159835
41.176404
41.147433
41.148648
41.175342
41.173416
41.145093
41.154453
41.170968
41.150016
41.151303
41.147586
41.152203
41.1822
41.157081
41.14953
41.159952
41.182677
41.159925
41.145867
41.145768
41.165352
41.146434
41.16708
41.182713
41.153715
41.176494
41.181768
41.172912
41.165217
41.159664
41.148684
41.165154
41.180418
41.182677
41.154354
41.154804
41.155686
41.168502
41.168709
41.145867
41.168538
41.14953
41.153355
41.182731
41.145885
41.145813
41.173596
41.090175
41.177358
41.197356
41.131665
41.148954
41.167242
41.156892
41.144589
41.161599
41.145768
41.194863
41.148747
41.159583
41.153418
41.175378
41.16096
41.182677
41.170671
41.172309
41.146839
41.1525
41.171832
41.155668
41.16438
41.146254
41.158881
41.14557
41.148567
41.179554
41.18067
41.165181
41.167197
41.150052
41.151222
41.148477
41.160492
41.158602
41.148036
41.15385
41.179635
41.149647
41.157531
41.161212
41.178186
41.14458
41.17347
41.155713
41.166009
41.154372
41.14125
41.151987
41.144643
41.140845
41.147343
41.153544
41.149287
41.141277
41.151735
41.159133
41.163219
41.160618
41.154291
41.146119
41.182713
41.155218
41.163084
41.161545
41.154255
41.184477
41.159961
41.173542
41.138028
41.152932
41.159439
41.147991
41.153517
41.15799
41.143743
41.145561
41.141232
41.181849
41.150277
41.157396
41.162355
41.180598
41.16033
41.16096
41.148612
41.148396
41.201244
41.153481
41.1381
41.144544
41.177223
41.148198
41.149638
41.145714
41.151942
41.145597
41.146029
41.148279
41.153589
41.148261
41.155641
41.177097
41.155659
41.148198
41.157522
41.147208
41.147109
41.161185
41.175432
41.146398
41.174451
41.145687
41.147118
41.154408
41.145957
41.150304
41.145957
41.150034
41.145876
41.145975
41.147847
41.14728
41.148027
41.147991
41.147343
41.147235
41.14674
41.166657
41.148135
41.177088
41.145966
41.147982
41.147964
41.147892
41.17401
41.146884
41.148108
41.174424
41.161221
41.148108
41.14944
41.145948
41.177367
41.145831
41.176719
41.157297
41.174406
41.148486
41.14593
41.147937
41.176404
41.147928
41.147262
41.147946
41.147667
41.175432
41.183703
41.147199
41.144454
41.140845
41.172849
41.165658
41.141286
41.156514
41.14611
41.148558
41.155506
41.157891
41.14872
41.160042
41.165874
41.161905
41.14431
41.144472
41.154948
41.168169
41.144526
41.159493
41.238099
41.144697
41.159484
41.141232
41.152536
41.156073
41.180184
