41.146623
41.163597
41.167719
41.14098
41.148036
41.171958
41.153778
41.185242
41.12577
41.199273
41.168889
41.149431
41.158296
41.237415
41.143275
41.212242
41.155137
41.156136
41.163687
41.160456
41.148738
41.135634
41.15664
41.148513
41.150142
41.172876
41.162679
41.149098
41.14611
41.162382
41.163174
41.1552
41.164758
41.174568
41.143959
41.154822
41.180355
41.154624
41.14836
41.140539
41.180346
41.170347
41.14593
41.186952
41.14629
41.150637
41.151852
41.162292
41.168385
41.149791
41.140989
41.14611
41.15889
41.170689
41.159556
41.16411
41.189256
41.162229
41.167746
41.158998
41.148945
41.143905
41.168592
41.181156
41.137389
41.186727
41.145687
41.165145
41.144967
41.157081
41.556375
41.330565
41.150772
41.169717
41.157648
41.16942
41.146002
41.15439
41.184063
41.171463
41.157405
41.168835
41.161815
41.180913
41.149314
41.148918
41.222952
41.165118
41.14593
41.157045
41.229666
41.161779
41.154525
41.153355
41.186349
41.159322
41.153607
41.177619
41.14809
41.144148
41.157162
41.181399
41.158269
41.160492
41.147604
41.158449
41.147352
41.165883
41.178546
41.131737
41.245704
41.196969
41.18391
41.177196
41.179221
41.137074
41.162859
41.16123
41.164614
41.154201
41.158035
41.155686
41.168574
41.165208
41.148567
41.185035
41.145759
41.148387
41.17437
41.164479
41.151015
41.152986
41.069718
41.175135
41.188662
41.132241
41.147694
41.164137
41.151933
41.160654
41.164668
41.147667
41.167098
41.203215
41.156991
41.128038
41.169276
41.162373
41.182326
41.148351
41.17176
41.145093
41.153535
41.174055
41.148981
41.163354
41.147766
41.158233
41.153418
41.159223
41.168988
41.168646
41.154048
41.156541
41.150448
41.175324
41.191254
41.16159
41.158791
41.147901
41.175855
41.148801
41.147559
41.173587
41.161113
41.178096
41.154363
41.171364
41.164758
41.150871
41.158719
41.144391
41.157018
41.147037
41.150916
41.147289
41.148045
41.149206
41.144715
41.162994
41.158341
41.155587
41.160411
41.152518
41.151303
41.174964
41.155443
41.15898
41.166936
41.149557
41.195295
41.155092
41.167053
41.172687
41.149278
41.109165
41.153526
41.152365
41.157144
41.164767
41.145444
41.145471
41.232654
41.147811
41.144454
41.161671
41.188563
41.149431
41.159709
41.148234
41.159421
41.2362
41.152473
41.153607
41.144913
41.160888
41.152374
41.14692
41.146767
41.159349
41.12046
41.172507
41.15556
41.143482
41.159772
41.164191
41.180112
41.170581
41.162895
41.17158
41.15439
41.152653
41.165793
41.173722
41.159673
41.172102
41.147433
41.138064
41.147127
41.152437
41.148999
41.145975
41.211882
41.091489
41.180211
41.153544
41.14836
41.155614
41.149845
41.152311
41.152662
41.138757
41.161608
41.146839
41.177124
41.153895
41.152446
41.1525
41.180553
41.1669
41.151888
41.148126
41.158422
41.148081
41.145381
41.147181
41.150439
41.176728
41.128101
41.178051
41.15331
41.173452
41.15106
41.159988
41.17698
41.150799
41.151051
41.065011
41.151564
41.165451
41.162292
41.236668
41.201478
41.232033
41.146668
41.172084
41.164866
41.157702
41.158566
41.161545
41.173362
41.155524
41.155524
41.158674
41.171904
41.168736
41.159493
41.152356
41.147262
41.140566
41.15151
41.173371
41.148999
41.14332
41.198787
41.151051
41.152671
41.154327
41.167629
41.192244
