11.1935839304
13.677121864
23.4428353183
5.2967367624
0.0904286090364
2.11962046971
20.3609502921
18.2400991533
20.5862385287
24.1617786125
3.54463634852
14.6798973821
18.3928940473
33.4001223506
19.2585969604
34.8049079105
16.0653798327
10.6083713804
17.9768196882
4.40568356952
1.1274478466
13.4601562678
9.70621784468
0.180130468508
46.0597164178
24.6143667391
16.4157711464
9.13008606525
14.3919622423
18.8858480595
16.7556495645
11.6286609743
20.897683257
0
36.4988947371
18.3564081214
25.9643132573
27.8163840125
5.03643914129
18.5891113311
16.5396853304
6.83996937389
16.9658383254
23.9299437919
18.6824640501
9.60361335406
34.0260706584
21.9907620947
23.7196717789
46.4314010795
14.8490443679
8.52554603359
22.3170640072
17.1214398245
17.31376011
18.756123672
27.672570977
18.0450289743
33.7537183937
14.3410840009
17.1828625158
21.9760256359
17.6076211979
17.6335738762
16.4634734985
24.0052613747
18.1223930447
17.1256860912
11.728789133
8.31773015627
32.155390721
49.536235604
15.9192560185
29.7217761302
14.2639176899
9.78253550224
5.33195725407
11.9290272839
34.3147385425
19.1369167294
13.865654266
15.2241150608
13.1155041728
16.6286537597
23.5013274818
30.9126704163
58.1537909864
16.4453727144
26.8117790625
25.8608971616
56.0508967962
21.6491303959
35.1447332732
125.606807659
24.4621352854
54.6171022206
57.604004081
26.6751754574
19.9510504305
27.0838583682
15.4548429344
35.5849293743
70.5047171799
47.1987691036
33.1322178461
23.0617335806
41.1379047783
10.9982110971
16.3189836537
43.1972419257
68.1988798782
70.2576075621
26.2550098278
29.1621620212
42.3029151917
24.4331168424
11.1550306971
15.7476484297
28.868335673
17.1548013948
19.98393816
0
1.10323904446
26.1408247581
28.9976461418
68.1590464649
22.2954323899
21.2370257246
28.8167176875
28.3410470806
19.9563762747
20.1041938094
10.8128521658
26.5973783045
23.1594094609
10.699229152
27.3502271809
17.3189830529
15.8096432477
22.8848818159
9.16449654659
22.0802794956
16.2027849641
24.7810712776
16.6884278472
60.3488469526
14.2583896217
36.9905077709
29.5990896277
17.4621455405
1.43911724871
9.374164498
7.50608495845
10.8410892066
12.1269589027
12.3897812384
13.7684260578
14.81602849
18.1675434101
16.736847939
18.6773697513
20.9995056958
20.4420588092
7.62932150537
7.38877779533
22.2369253524
18.7580495179
16.5689735997
1.72002685228
8.93282189081
11.5813791694
20.5577853546
10.3747499352
9.24081434447
1.46473741435
0.829015242719
13.3502926522
13.5235114975
11.0212508356
26.8421339707
36.5024313495
15.2989156489
15.2032386653
9.41582987104
15.6990194224
0.769902193144
10.9763907192
1.58030150433
9.40715152309
11.1711080623
13.5223883887
8.36032198073
8.87793744096
17.1801608569
9.2785602909
21.4749972219
7.15175555616
13.1570312413
7.17045427818
14.298531752
6.56052006107
15.904279828
15.5433641124
15.5235053189
28.3127587593
58.6088947896
12.1839661965
11.8944863846
10.6765736747
9.16687038495
9.580794239
26.9532956825
29.4592901116
21.7847706889
15.8558627196
4.89666890308
19.016200019
9.76932482812
13.7200254021
20.3352904808
12.2289054341
50.3770315834
15.8583692802
13.7767963014
4.57847648908
16.7848366821
7.20619141804
14.0078788792
13.0240996563
25.9120030635
42.2798654557
45.7430924223
35.1306957702
8.55261788294
25.8717534081
22.0310949735
30.3840258202
27.4042918552
26.2664358106
43.7973413287
37.7076770899
29.4930090434
27.7028945866
23.8670057047
30.8934652116
34.4498029569
13.2214982199
27.1201576659
15.9409764458
23.236115425
7.43658581389
0.536715811179
54.377817827
44.2662562827
30.2617981922
23.8015181073
10.4090398335
44.137264864
14.4601547916
15.5076691554
22.3662099284
24.8460809338
38.5382491091
7.04427922044
1.40107133589
12.9254179619
50.6298102774
47.8155098017
49.2218580769
9.92326859844
50.7587077839
4.88904168676
30.3809317972
25.0466396384
10.9170179398
16.9602916225
17.5771052815
26.7380985768
36.0467468516
14.5196228101
23.3379301018
11.6929108993
17.6771521539
28.9907145244
29.8628601693
23.3368641012
23.8994646473
74.6590059294
37.0422408567
27.9690091059
31.8866659876
71.6066372775
45.5357748405
54.9169253465
17.0988636821
9.98374838219
7.74424806071
25.512355959
18.8134501949
9.32212874745
33.0732482018
0.195529972338
28.3142593215
14.9387469051
21.6351452376
31.0339093946
19.2518247996
23.7341006351
25.1111271311
38.7412507534
26.5412778016
30.2632704939
19.1252363618
21.6602754814
44.3948699653
29.8420273296
7.0516554232
20.2908016549
34.6301068446
43.6130370462
